[ 0, [ [ 37.4161020, -122.0912907 ], [ 37.4160489, -122.0913057 ], [ 37.4159085, -122.0911292 ], [ 37.4158841, -122.0909588 ], [ 37.4158798, -122.0907621 ], [ 37.4158795, -122.0905837 ], [ 37.4158723, -122.0904022 ], [ 37.4158607, -122.0901310 ], [ 37.4158773, -122.0898376 ], [ 37.4158773, -122.0898376 ], ] ],
[ 1, [ [ 37.4158773, -122.0898376 ], [ 37.4160072, -122.0896587 ], [ 37.4160072, -122.0896587 ], ] ],
[ 2, [ [ 37.4160072, -122.0896587 ], [ 37.4161458, -122.0896344 ], [ 37.4161458, -122.0896344 ], ] ],
[ 1, [ [ 37.4161458, -122.0896344 ], [ 37.4164033, -122.0896615 ], [ 37.4166209, -122.0896468 ], [ 37.4167632, -122.0896591 ], [ 37.4169382, -122.0896957 ], [ 37.4171617, -122.0897654 ], [ 37.4172957, -122.0898065 ], [ 37.4172957, -122.0898065 ], ] ],
[ 2, [ [ 37.4172957, -122.0898065 ], [ 37.4174405, -122.0898370 ], [ 37.4174405, -122.0898370 ], ] ],
[ 1, [ [ 37.4174405, -122.0898370 ], [ 37.4176014, -122.0898431 ], [ 37.4177534, -122.0898491 ], [ 37.4179055, -122.0898781 ], [ 37.4180447, -122.0899046 ], [ 37.4181812, -122.0899388 ], [ 37.4183955, -122.0899432 ], [ 37.4185326, -122.0899964 ], [ 37.4185326, -122.0899964 ], ] ],
[ 2, [ [ 37.4185326, -122.0899964 ], [ 37.4186706, -122.0902237 ], [ 37.4187459, -122.0903959 ], [ 37.4187767, -122.0905955 ], [ 37.4187767, -122.0905955 ], ] ],
[ 1, [ [ 37.4187767, -122.0905955 ], [ 37.4187895, -122.0909631 ], [ 37.4187895, -122.0909631 ], ] ],
[ 2, [ [ 37.4187895, -122.0909631 ], [ 37.4188209, -122.0911495 ], [ 37.4188262, -122.0913266 ], [ 37.4188183, -122.0915241 ], [ 37.4188105, -122.0917251 ], [ 37.4188095, -122.0918915 ], [ 37.4188095, -122.0918915 ], ] ],
[ 1, [ [ 37.4188095, -122.0918915 ], [ 37.4189097, -122.0920499 ], [ 37.4189618, -122.0922347 ], [ 37.4190064, -122.0924303 ], [ 37.4190064, -122.0924303 ], ] ],
[ 2, [ [ 37.4190064, -122.0924303 ], [ 37.4190223, -122.0926355 ], [ 37.4190272, -122.0928355 ], [ 37.4190521, -122.0930113 ], [ 37.4190521, -122.0930113 ], ] ],
[ 1, [ [ 37.4190521, -122.0930113 ], [ 37.4191301, -122.0931631 ], [ 37.4192883, -122.0931247 ], [ 37.4194175, -122.0930359 ], [ 37.4194175, -122.0930359 ], ] ],
[ 2, [ [ 37.4194175, -122.0930359 ], [ 37.4195898, -122.0929399 ], [ 37.4195898, -122.0929399 ], ] ],
[ 1, [ [ 37.4195898, -122.0929399 ], [ 37.4197456, -122.0928871 ], [ 37.4200086, -122.0927674 ], [ 37.4200086, -122.0927674 ], ] ],
[ 0, [ [ 37.4200086, -122.0927674 ], [ 37.4202598, -122.0926397 ], [ 37.4202598, -122.0926397 ], ] ],
[ 1, [ [ 37.4202598, -122.0926397 ], [ 37.4204108, -122.0925736 ], [ 37.4205407, -122.0925266 ], [ 37.4206730, -122.0924745 ], [ 37.4207993, -122.0924113 ], [ 37.4207993, -122.0924113 ], ] ],
[ 2, [ [ 37.4207993, -122.0924113 ], [ 37.4210031, -122.0923027 ], [ 37.4211362, -122.0922250 ], [ 37.4212683, -122.0921447 ], [ 37.4214056, -122.0920670 ], [ 37.4215584, -122.0920051 ], [ 37.4217442, -122.0919059 ], [ 37.4217442, -122.0919059 ], ] ],
[ 3, [ [ 37.4217442, -122.0919059 ], [ 37.4218968, -122.0918136 ], [ 37.4220181, -122.0917302 ], [ 37.4222252, -122.0915870 ], [ 37.4222252, -122.0915870 ], ] ],
[ 2, [ [ 37.4222252, -122.0915870 ], [ 37.4223587, -122.0914915 ], [ 37.4224011, -122.0913553 ], [ 37.4225280, -122.0912351 ], [ 37.4225280, -122.0912351 ], ] ],
[ 1, [ [ 37.4225280, -122.0912351 ], [ 37.4226576, -122.0911412 ], [ 37.4228933, -122.0910443 ], [ 37.4230490, -122.0909399 ], [ 37.4232161, -122.0907605 ], [ 37.4233554, -122.0905265 ], [ 37.4234326, -122.0903566 ], [ 37.4234038, -122.0901370 ], [ 37.4234038, -122.0901370 ], ] ],
[ 2, [ [ 37.4234038, -122.0901370 ], [ 37.4231418, -122.0899638 ], [ 37.4231418, -122.0899638 ], ] ],
[ 1, [ [ 37.4231418, -122.0899638 ], [ 37.4229729, -122.0899029 ], [ 37.4229729, -122.0899029 ], ] ],
[ 0, [ [ 37.4229729, -122.0899029 ], [ 37.4228578, -122.0898165 ], [ 37.4226481, -122.0897413 ], [ 37.4226481, -122.0897413 ], ] ],
[ 1, [ [ 37.4226481, -122.0897413 ], [ 37.4224780, -122.0896494 ], [ 37.4223077, -122.0895394 ], [ 37.4221372, -122.0894305 ], [ 37.4219672, -122.0893209 ], [ 37.4219672, -122.0893209 ], ] ],
[ 2, [ [ 37.4219672, -122.0893209 ], [ 37.4218452, -122.0892242 ], [ 37.4216504, -122.0889799 ], [ 37.4214901, -122.0887910 ], [ 37.4213864, -122.0886694 ], [ 37.4213864, -122.0886694 ], ] ],
[ 3, [ [ 37.4213864, -122.0886694 ], [ 37.4213046, -122.0885180 ], [ 37.4213046, -122.0885180 ], ] ],
[ 2, [ [ 37.4213046, -122.0885180 ], [ 37.4211814, -122.0882422 ], [ 37.4211313, -122.0880436 ], [ 37.4210716, -122.0877058 ], [ 37.4210295, -122.0875171 ], [ 37.4210295, -122.0875171 ], ] ],
[ 3, [ [ 37.4210295, -122.0875171 ], [ 37.4209757, -122.0873594 ], [ 37.4209757, -122.0873594 ], ] ],
[ 2, [ [ 37.4209757, -122.0873594 ], [ 37.4209484, -122.0871654 ], [ 37.4209241, -122.0869877 ], [ 37.4208817, -122.0868089 ], [ 37.4208738, -122.0866204 ], [ 37.4208779, -122.0862128 ], [ 37.4208932, -122.0860165 ], [ 37.4208946, -122.0857735 ], [ 37.4208753, -122.0855845 ], [ 37.4207913, -122.0854498 ], [ 37.4206048, -122.0854584 ], [ 37.4206048, -122.0854584 ], ] ],
[ 1, [ [ 37.4206048, -122.0854584 ], [ 37.4203093, -122.0854563 ], [ 37.4203093, -122.0854563 ], ] ],
[ 2, [ [ 37.4203093, -122.0854563 ], [ 37.4201703, -122.0854535 ], [ 37.4201703, -122.0854535 ], ] ],
[ 1, [ [ 37.4201703, -122.0854535 ], [ 37.4200278, -122.0854585 ], [ 37.4198921, -122.0854665 ], [ 37.4194953, -122.0854253 ], [ 37.4192970, -122.0853885 ], [ 37.4192970, -122.0853885 ], ] ],
[ 2, [ [ 37.4192970, -122.0853885 ], [ 37.4191379, -122.0854066 ], [ 37.4188860, -122.0854567 ], [ 37.4187062, -122.0854773 ], [ 37.4184969, -122.0854842 ], [ 37.4183642, -122.0854393 ], [ 37.4183642, -122.0854393 ], ] ],
[ 3, [ [ 37.4183642, -122.0854393 ], [ 37.4182072, -122.0853976 ], [ 37.4180020, -122.0853757 ], [ 37.4177928, -122.0854152 ], [ 37.4177928, -122.0854152 ], ] ],
[ 2, [ [ 37.4177928, -122.0854152 ], [ 37.4176195, -122.0854367 ], [ 37.4174709, -122.0854423 ], [ 37.4173283, -122.0854281 ], [ 37.4171907, -122.0854310 ], [ 37.4168686, -122.0852760 ], [ 37.4168016, -122.0850274 ], [ 37.4167869, -122.0848273 ], [ 37.4167869, -122.0848273 ], ] ],
[ 1, [ [ 37.4167869, -122.0848273 ], [ 37.4167927, -122.0844641 ], [ 37.4167927, -122.0844641 ], ] ],
[ 2, [ [ 37.4167927, -122.0844641 ], [ 37.4167878, -122.0842048 ], [ 37.4167878, -122.0842048 ], ] ],
[ 1, [ [ 37.4167878, -122.0842048 ], [ 37.4167595, -122.0838297 ], [ 37.4167595, -122.0838297 ], ] ],
[ 2, [ [ 37.4167595, -122.0838297 ], [ 37.4167445, -122.0835872 ], [ 37.4167249, -122.0834048 ], [ 37.4167072, -122.0832359 ], [ 37.4166923, -122.0829450 ], [ 37.4166721, -122.0826591 ], [ 37.4166476, -122.0824073 ], [ 37.4166454, -122.0822308 ], [ 37.4166528, -122.0819667 ], [ 37.4166470, -122.0817563 ], [ 37.4166344, -122.0815443 ], [ 37.4166045, -122.0813409 ], [ 37.4165892, -122.0811669 ], [ 37.4165244, -122.0808583 ], [ 37.4165018, -122.0806395 ], [ 37.4165018, -122.0806395 ], ] ],
[ 3, [ [ 37.4165018, -122.0806395 ], [ 37.4164463, -122.0803576 ], [ 37.4164463, -122.0803576 ], ] ],
[ 2, [ [ 37.4164463, -122.0803576 ], [ 37.4163656, -122.0800009 ], [ 37.4164092, -122.0797916 ], [ 37.4164324, -122.0796150 ], [ 37.4164165, -122.0791810 ], [ 37.4163477, -122.0790081 ], [ 37.4163543, -122.0787204 ], [ 37.4163825, -122.0784266 ], [ 37.4162983, -122.0782748 ], [ 37.4160778, -122.0782462 ], [ 37.4159417, -122.0782889 ], [ 37.4156234, -122.0783224 ], [ 37.4152991, -122.0783263 ], [ 37.4151188, -122.0783420 ], [ 37.4147970, -122.0783548 ], [ 37.4146432, -122.0783503 ], [ 37.4144934, -122.0783011 ], [ 37.4142580, -122.0782818 ], [ 37.4141159, -122.0783079 ], [ 37.4141159, -122.0783079 ], ] ],
[ 3, [ [ 37.4141159, -122.0783079 ], [ 37.4139725, -122.0783433 ], [ 37.4139725, -122.0783433 ], ] ],
[ 2, [ [ 37.4139725, -122.0783433 ], [ 37.4138239, -122.0783242 ], [ 37.4136696, -122.0783271 ], [ 37.4135119, -122.0783314 ], [ 37.4133577, -122.0783322 ], [ 37.4132033, -122.0783228 ], [ 37.4130502, -122.0783122 ], [ 37.4129037, -122.0782693 ], [ 37.4127596, -122.0782625 ], [ 37.4127596, -122.0782625 ], ] ],
[ 1, [ [ 37.4127596, -122.0782625 ], [ 37.4125463, -122.0782524 ], [ 37.4124027, -122.0782460 ], [ 37.4122454, -122.0782585 ], [ 37.4120848, -122.0782646 ], [ 37.4118908, -122.0782702 ], [ 37.4118908, -122.0782702 ], ] ],
[ 2, [ [ 37.4118908, -122.0782702 ], [ 37.4117384, -122.0782681 ], [ 37.4115875, -122.0782689 ], [ 37.4114060, -122.0782784 ], [ 37.4111225, -122.0783130 ], [ 37.4109850, -122.0783003 ], [ 37.4108036, -122.0783363 ], [ 37.4108036, -122.0783363 ], ] ],
[ 0, [ [ 37.4108036, -122.0783363 ], [ 37.4107906, -122.0784619 ], [ 37.4106515, -122.0784548 ], [ 37.4104504, -122.0784118 ], [ 37.4102192, -122.0783124 ], [ 37.4100728, -122.0782494 ], [ 37.4098945, -122.0782327 ], [ 37.4097404, -122.0782401 ], [ 37.4095773, -122.0782271 ], [ 37.4095773, -122.0782271 ], ] ],
[ 1, [ [ 37.4095773, -122.0782271 ], [ 37.4094303, -122.0782556 ], [ 37.4094303, -122.0782556 ], ] ],
[ 2, [ [ 37.4094303, -122.0782556 ], [ 37.4091049, -122.0783163 ], [ 37.4088280, -122.0782887 ], [ 37.4086369, -122.0782658 ], [ 37.4084956, -122.0782585 ], [ 37.4082858, -122.0782594 ], [ 37.4081411, -122.0782595 ], [ 37.4079268, -122.0782621 ], [ 37.4077798, -122.0782845 ], [ 37.4076310, -122.0782872 ], [ 37.4074862, -122.0782776 ], [ 37.4072801, -122.0782475 ], [ 37.4071399, -122.0782246 ], [ 37.4069914, -122.0782595 ], [ 37.4068493, -122.0782660 ], [ 37.4066139, -122.0783529 ], [ 37.4065146, -122.0785600 ], [ 37.4066165, -122.0786674 ], [ 37.4066543, -122.0788529 ], [ 37.4066833, -122.0791315 ], [ 37.4067243, -122.0792999 ], [ 37.4067783, -122.0794640 ], [ 37.4067787, -122.0796463 ], [ 37.4068244, -122.0798287 ], [ 37.4069167, -122.0799729 ], [ 37.4069167, -122.0799729 ], ] ],
[ 1, [ [ 37.4069167, -122.0799729 ], [ 37.4070354, -122.0801860 ], [ 37.4070354, -122.0801860 ], ] ],
[ 2, [ [ 37.4070354, -122.0801860 ], [ 37.4071699, -122.0803690 ], [ 37.4072605, -122.0805234 ], [ 37.4073599, -122.0806896 ], [ 37.4074546, -122.0808653 ], [ 37.4075283, -122.0810120 ], [ 37.4076009, -122.0811929 ], [ 37.4077018, -122.0813582 ], [ 37.4078285, -122.0816119 ], [ 37.4079158, -122.0817486 ], [ 37.4080088, -122.0819010 ], [ 37.4081085, -122.0821172 ], [ 37.4081924, -122.0823313 ], [ 37.4082658, -122.0824852 ], [ 37.4083545, -122.0826313 ], [ 37.4084748, -122.0827627 ], [ 37.4085890, -122.0828951 ], [ 37.4086823, -122.0830567 ], [ 37.4088126, -122.0833250 ], [ 37.4088994, -122.0836592 ], [ 37.4089345, -122.0838372 ], [ 37.4090119, -122.0842118 ], [ 37.4090663, -122.0844018 ], [ 37.4091492, -122.0846533 ], [ 37.4092084, -122.0848119 ], [ 37.4091379, -122.0849879 ], [ 37.4088288, -122.0851093 ], [ 37.4086529, -122.0851616 ], [ 37.4084961, -122.0851839 ], [ 37.4083504, -122.0851991 ], [ 37.4081754, -122.0852302 ], [ 37.4080419, -122.0852688 ], [ 37.4078855, -122.0853219 ], [ 37.4077324, -122.0853534 ], [ 37.4075545, -122.0853958 ], [ 37.4073937, -122.0854510 ], [ 37.4072234, -122.0855458 ], [ 37.4070530, -122.0856520 ], [ 37.4067909, -122.0857069 ], [ 37.4066327, -122.0857548 ], [ 37.4064480, -122.0858018 ], [ 37.4063159, -122.0858590 ], [ 37.4060373, -122.0859484 ], [ 37.4058584, -122.0859931 ], [ 37.4057211, -122.0860235 ], [ 37.4055760, -122.0860731 ], [ 37.4054324, -122.0861495 ], [ 37.4054324, -122.0861495 ], ] ],
[ 3, [ [ 37.4054324, -122.0861495 ], [ 37.4052876, -122.0861693 ], [ 37.4051506, -122.0861646 ], [ 37.4049963, -122.0862019 ], [ 37.4049963, -122.0862019 ], ] ],
[ 2, [ [ 37.4049963, -122.0862019 ], [ 37.4048614, -122.0862325 ], [ 37.4047106, -122.0862806 ], [ 37.4044440, -122.0863916 ], [ 37.4044440, -122.0863916 ], ] ],
[ 1, [ [ 37.4044440, -122.0863916 ], [ 37.4042198, -122.0864879 ], [ 37.4040794, -122.0865417 ], [ 37.4038485, -122.0866084 ], [ 37.4036535, -122.0866388 ], [ 37.4035166, -122.0866610 ], [ 37.4035166, -122.0866610 ], ] ],
[ 2, [ [ 37.4035166, -122.0866610 ], [ 37.4031989, -122.0867082 ], [ 37.4030452, -122.0867213 ], [ 37.4028457, -122.0867342 ], [ 37.4026970, -122.0867906 ], [ 37.4026970, -122.0867906 ], ] ],
[ 3, [ [ 37.4026970, -122.0867906 ], [ 37.4025656, -122.0868506 ], [ 37.4024307, -122.0868912 ], [ 37.4022084, -122.0869490 ], [ 37.4019993, -122.0870720 ], [ 37.4019054, -122.0872547 ], [ 37.4018759, -122.0874238 ], [ 37.4018922, -122.0876081 ], [ 37.4018922, -122.0876081 ], ] ],
[ 2, [ [ 37.4018922, -122.0876081 ], [ 37.4019689, -122.0877705 ], [ 37.4020546, -122.0879326 ], [ 37.4021389, -122.0881384 ], [ 37.4021889, -122.0883305 ], [ 37.4022447, -122.0885086 ], [ 37.4023357, -122.0887620 ], [ 37.4023357, -122.0887620 ], ] ],
[ 3, [ [ 37.4023357, -122.0887620 ], [ 37.4023767, -122.0889492 ], [ 37.4023767, -122.0889492 ], ] ],
[ 2, [ [ 37.4023767, -122.0889492 ], [ 37.4023211, -122.0891337 ], [ 37.4023211, -122.0891337 ], ] ],
[ 1, [ [ 37.4023211, -122.0891337 ], [ 37.4021342, -122.0892333 ], [ 37.4019839, -122.0892813 ], [ 37.4018493, -122.0893316 ], [ 37.4016736, -122.0894308 ], [ 37.4016736, -122.0894308 ], ] ],
[ 0, [ [ 37.4016736, -122.0894308 ], [ 37.4015061, -122.0894854 ], [ 37.4014716, -122.0897398 ], [ 37.4013812, -122.0898671 ], [ 37.4013337, -122.0898906 ], [ 37.4012350, -122.0898530 ], [ 37.4013075, -122.0897386 ], [ 37.4013007, -122.0898998 ], [ 37.4013977, -122.0897609 ], [ 37.4014354, -122.0895364 ], [ 37.4014410, -122.0897136 ], [ 37.4013495, -122.0898818 ], [ 37.4013216, -122.0899198 ], [ 37.4013893, -122.0900723 ], [ 37.4013534, -122.0901152 ], [ 37.4013940, -122.0902892 ], [ 37.4013802, -122.0905113 ], [ 37.4013453, -122.0907206 ], [ 37.4012684, -122.0910422 ], [ 37.4012616, -122.0912561 ], [ 37.4013172, -122.0914127 ], [ 37.4014076, -122.0916755 ], [ 37.4014076, -122.0916755 ], ] ],
[ 1, [ [ 37.4014076, -122.0916755 ], [ 37.4015318, -122.0920677 ], [ 37.4015913, -122.0922462 ], [ 37.4016917, -122.0924832 ], [ 37.4017667, -122.0926450 ], [ 37.4018404, -122.0927953 ], [ 37.4018404, -122.0927953 ], ] ],
[ 2, [ [ 37.4018404, -122.0927953 ], [ 37.4019131, -122.0929683 ], [ 37.4020026, -122.0930712 ], [ 37.4021475, -122.0930047 ], [ 37.4023085, -122.0929078 ], [ 37.4023085, -122.0929078 ], ] ],
[ 1, [ [ 37.4023085, -122.0929078 ], [ 37.4024497, -122.0927767 ], [ 37.4024497, -122.0927767 ], ] ],
[ 0, [ [ 37.4024497, -122.0927767 ], [ 37.4026274, -122.0926777 ], [ 37.4026274, -122.0926777 ], ] ],
[ 1, [ [ 37.4026274, -122.0926777 ], [ 37.4028178, -122.0925655 ], [ 37.4029524, -122.0925052 ], [ 37.4031006, -122.0924330 ], [ 37.4032281, -122.0923254 ], [ 37.4032281, -122.0923254 ], ] ],
[ 2, [ [ 37.4032281, -122.0923254 ], [ 37.4034463, -122.0922350 ], [ 37.4036123, -122.0920999 ], [ 37.4037800, -122.0919852 ], [ 37.4039004, -122.0918974 ], [ 37.4040454, -122.0918106 ], [ 37.4040454, -122.0918106 ], ] ],
[ 3, [ [ 37.4040454, -122.0918106 ], [ 37.4042895, -122.0916807 ], [ 37.4042895, -122.0916807 ], ] ],
[ 2, [ [ 37.4042895, -122.0916807 ], [ 37.4044112, -122.0915903 ], [ 37.4045342, -122.0915085 ], [ 37.4046851, -122.0914371 ], [ 37.4048262, -122.0913551 ], [ 37.4048262, -122.0913551 ], ] ],
[ 1, [ [ 37.4048262, -122.0913551 ], [ 37.4049490, -122.0912831 ], [ 37.4049490, -122.0912831 ], ] ],
[ 2, [ [ 37.4049490, -122.0912831 ], [ 37.4051241, -122.0911605 ], [ 37.4052828, -122.0910647 ], [ 37.4054959, -122.0909518 ], [ 37.4056869, -122.0908670 ], [ 37.4058234, -122.0907914 ], [ 37.4058234, -122.0907914 ], ] ],
[ 3, [ [ 37.4058234, -122.0907914 ], [ 37.4059774, -122.0907457 ], [ 37.4059774, -122.0907457 ], ] ],
[ 2, [ [ 37.4059774, -122.0907457 ], [ 37.4061163, -122.0906521 ], [ 37.4062699, -122.0905443 ], [ 37.4064700, -122.0904221 ], [ 37.4064700, -122.0904221 ], ] ],
[ 3, [ [ 37.4064700, -122.0904221 ], [ 37.4066141, -122.0903296 ], [ 37.4067376, -122.0902436 ], [ 37.4068777, -122.0901662 ], [ 37.4068777, -122.0901662 ], ] ],
[ 2, [ [ 37.4068777, -122.0901662 ], [ 37.4070139, -122.0900975 ], [ 37.4071615, -122.0900326 ], [ 37.4073153, -122.0899689 ], [ 37.4074546, -122.0898873 ], [ 37.4075922, -122.0897996 ], [ 37.4077724, -122.0896815 ], [ 37.4079154, -122.0895806 ], [ 37.4079154, -122.0895806 ], ] ],
[ 1, [ [ 37.4079154, -122.0895806 ], [ 37.4081220, -122.0894464 ], [ 37.4081220, -122.0894464 ], ] ],
[ 2, [ [ 37.4081220, -122.0894464 ], [ 37.4082630, -122.0893376 ], [ 37.4083890, -122.0892754 ], [ 37.4085315, -122.0892179 ], [ 37.4087257, -122.0891159 ], [ 37.4088721, -122.0890371 ], [ 37.4090116, -122.0889702 ], [ 37.4091372, -122.0889044 ], [ 37.4093149, -122.0888272 ], [ 37.4094466, -122.0887735 ], [ 37.4095887, -122.0887275 ], [ 37.4095887, -122.0887275 ], ] ],
[ 1, [ [ 37.4095887, -122.0887275 ], [ 37.4097732, -122.0886373 ], [ 37.4097732, -122.0886373 ], ] ],
[ 0, [ [ 37.4097732, -122.0886373 ], [ 37.4098962, -122.0885635 ], [ 37.4100516, -122.0885682 ], [ 37.4101856, -122.0886249 ], [ 37.4103416, -122.0887058 ], [ 37.4105160, -122.0887040 ], [ 37.4106666, -122.0887227 ], [ 37.4108259, -122.0887447 ], [ 37.4109905, -122.0887554 ], [ 37.4109905, -122.0887554 ], ] ],
[ 1, [ [ 37.4109905, -122.0887554 ], [ 37.4112522, -122.0887881 ], [ 37.4113886, -122.0888270 ], [ 37.4113886, -122.0888270 ], ] ],
[ 2, [ [ 37.4113886, -122.0888270 ], [ 37.4117387, -122.0888636 ], [ 37.4118868, -122.0888810 ], [ 37.4121208, -122.0889034 ], [ 37.4121208, -122.0889034 ], ] ],
[ 3, [ [ 37.4121208, -122.0889034 ], [ 37.4122758, -122.0889189 ], [ 37.4125042, -122.0889260 ], [ 37.4126768, -122.0889305 ], [ 37.4128128, -122.0889487 ], [ 37.4128128, -122.0889487 ], ] ],
[ 2, [ [ 37.4128128, -122.0889487 ], [ 37.4129583, -122.0889559 ], [ 37.4130932, -122.0889781 ], [ 37.4133023, -122.0890084 ], [ 37.4135770, -122.0890544 ], [ 37.4137701, -122.0891008 ], [ 37.4139107, -122.0891433 ], [ 37.4140710, -122.0891121 ], [ 37.4140710, -122.0891121 ], ] ],
[ 1, [ [ 37.4140710, -122.0891121 ], [ 37.4142111, -122.0890759 ], [ 37.4142111, -122.0890759 ], ] ],
[ 0, [ [ 37.4142111, -122.0890759 ], [ 37.4143438, -122.0891509 ], [ 37.4145212, -122.0892398 ], [ 37.4146767, -122.0892686 ], [ 37.4148163, -122.0893025 ], [ 37.4150349, -122.0893010 ], [ 37.4153846, -122.0893135 ], [ 37.4153846, -122.0893135 ], ] ],
[ 1, [ [ 37.4153846, -122.0893135 ], [ 37.4156083, -122.0893300 ], [ 37.4156083, -122.0893300 ], ] ],
[ 2, [ [ 37.4156083, -122.0893300 ], [ 37.4157901, -122.0896820 ], [ 37.4158500, -122.0899277 ], [ 37.4159054, -122.0901839 ], [ 37.4159054, -122.0901839 ], ] ],
[ 3, [ [ 37.4159054, -122.0901839 ], [ 37.4159240, -122.0903568 ], [ 37.4159320, -122.0905283 ], [ 37.4159491, -122.0908270 ], [ 37.4159703, -122.0910238 ], [ 37.4159703, -122.0910238 ], ] ],
http://maps.google.com/maps/api/staticmap?maptype=terrain&style=lightness:40&size=350x250&sensor=false&path=color%3A0xff0000ff%7Cenc%3AsyjcFp%7DdhVHBZc%40Da%40BeDCy%40&path=color%3A0xffee00ff%7Cenc%3AgxjcFntdhVYc%40&path=color%3A0x00ee55ff%7Cenc%3AayjcFjsdhV%5BE&path=color%3A0xffee00ff%7Cenc%3A%7DyjcFdsdhVq%40Dk%40A%5B%40c%40FgAT&path=color%3A0x00ee55ff%7Cenc%3AcakcFhtdhV%5BD&path=color%3A0xffee00ff%7Cenc%3A_bkcFntdhV%7D%40%40uAPk%40%3FYJ&path=color%3A0x00ee55ff%7Cenc%3AyhkcFnudhV%5Bj%40Ob%40Ef%40&path=color%3A0xffee00ff%7Cenc%3AkjkcFfydhVAfA&path=color%3A0x00ee55ff%7Cenc%3AmjkcFn%7BdhVEd%40Ab%40BnB&path=color%3A0xffee00ff%7Cenc%3AqjkcFhaehVS%5ESjA&path=color%3A0x00ee55ff%7Cenc%3AykkcFtdehVCpAC%60%40&path=color%3A0xffee00ff%7Cenc%3AalkcFhhehVO%5C_%40GYO&path=color%3A0x00ee55ff%7Cenc%3AknkcFnhehVa%40S&path=color%3A0xffee00ff%7Cenc%3AmokcFzgehV_%40Is%40W&path=color%3A0xff0000ff%7Cenc%3AarkcFxfehVq%40Y&path=color%3A0xffee00ff%7Cenc%3AsskcF~eehVkBm%40&path=color%3A0x00ee55ff%7Cenc%3A_wkcFpdehVyBcAaA_%40&path=color%3A0xff55ccff%7Cenc%3A%7B%7CkcFlaehVaB_A&path=color%3A0x00ee55ff%7Cenc%3A%7D_lcFl_ehVYSGYYW&path=color%3A0xffee00ff%7Cenc%3AyalcFf%7DdhVYSm%40S_%40Sa%40c%40%5Bm%40Ma%40Dk%40&path=color%3A0x00ee55ff%7Cenc%3AgglcFjvdhVr%40c%40&path=color%3A0xffee00ff%7Cenc%3AselcFfudhV%60%40K&path=color%3A0xff0000ff%7Cenc%3AqdlcFztdhVTOh%40O&path=color%3A0xffee00ff%7Cenc%3AqblcFzsdhV%60%40QdBaA&path=color%3A0x00ee55ff%7Cenc%3Ai~kcFfqdhVVSzAmB&path=color%3A0xff55ccff%7Cenc%3AuzkcFdmdhVP%5D&path=color%3A0x00ee55ff%7Cenc%3AczkcFfldhVVw%40%5CoC&path=color%3A0xff55ccff%7Cenc%3AmxkcF~edhVH_%40&path=color%3A0x00ee55ff%7Cenc%3AcxkcF~ddhVJiAFc%40%3FwBAwA%40e%40PYd%40%40&path=color%3A0xffee00ff%7Cenc%3AwukcFbychVx%40%3F&path=color%3A0x00ee55ff%7Cenc%3A%7DskcFbychVZA&path=color%3A0xffee00ff%7Cenc%3AaskcF%60ychVv%40BlAGf%40G&path=color%3A0x00ee55ff%7Cenc%3AsmkcFtxchVtBPh%40%3FZG&path=color%3A0xff55ccff%7Cenc%3AwgkcF~xchV%5CGh%40Ch%40F&path=color%3A0x00ee55ff%7Cenc%3AedkcFzxchV~%40Bv%40A~%40%5DLq%40%40g%40&path=color%3A0xffee00ff%7Cenc%3A%7D%7DjcFduchV%3FiA&path=color%3A0x00ee55ff%7Cenc%3A%7D%7DjcFzrchV%3Fs%40&path=color%3A0xffee00ff%7Cenc%3A%7D%7DjcFfqchVDiA&path=color%3A0x00ee55ff%7Cenc%3Aw%7DjcF%7CnchVT%7BG%3FwABuAFiAL%7D%40Bk%40&path=color%3A0xff55ccff%7Cenc%3Ac%7CjcF~zbhVHw%40&path=color%3A0x00ee55ff%7Cenc%3Ay%7BjcFfybhVNgAKkA%40wALa%40%3Fy%40Ey%40N_%40j%40CZF~%40DbDD%5E%3F%5CIl%40CZD&path=color%3A0xff55ccff%7Cenc%3AgmjcFllbhV%5CD&path=color%3A0x00ee55ff%7Cenc%3AiljcFrlbhV%5CCzB%3F%5CA%5CGZA&path=color%3A0xffee00ff%7Cenc%3AwdjcFblbhVfAAdBB&path=color%3A0x00ee55ff%7Cenc%3Ai_jcFdlbhV~A%40x%40DZAb%40F&path=color%3A0xff0000ff%7Cenc%3AoxicFrlbhV%40VZAf%40GjA_%40%60BC&path=color%3A0xffee00ff%7Cenc%3A%7BpicF%7CkbhV%5CD&path=color%3A0x00ee55ff%7Cenc%3A%7DoicFblbhV%60AJvBKpB%3Fz%40D%60BM%5CFZ%40n%40NRh%40UTEb%40Ev%40S%60A%3Fd%40Gb%40SZ&path=color%3A0xffee00ff%7Cenc%3Ag%60icFxvbhVWj%40&path=color%3A0x00ee55ff%7Cenc%3A_aicFdxbhVYb%40w%40bB%5D~%40m%40rAc%40x%40s%40tBOZo%40t%40k%40tAQ%60AUlBg%40vBLb%40%7C%40Vb%40H%7CALx%40PbAN%5EHbAf%40vB%5CpA%5C~%40LZH%5CN&path=color%3A0xff55ccff%7Cenc%3A%7DvhcFl%7DchVZBZA%5CF&path=color%3A0x00ee55ff%7Cenc%3AgthcFv%7DchVx%40Nt%40T&path=color%3A0xffee00ff%7Cenc%3AwphcF%7C~chVfA%5Cl%40L%60AH&path=color%3A0x00ee55ff%7Cenc%3A_khcFr%60dhV~%40HdAB%5CJ&path=color%3A0xff55ccff%7Cenc%3A%7BehcFladhVXJfARh%40VPb%40D%60%40Ad%40&path=color%3A0x00ee55ff%7Cenc%3Ay%60hcFpfdhV_%40~%40Qh%40ShASp%40&path=color%3A0xff55ccff%7Cenc%3AschcFvmdhVGd%40&path=color%3A0x00ee55ff%7Cenc%3A%7BchcF%7CndhVJb%40&path=color%3A0xffee00ff%7Cenc%3AochcF%60pdhVd%40Rv%40Rb%40R&path=color%3A0xff0000ff%7Cenc%3Am_hcF%7CqdhV%5EJFp%40PXHBRGOU%40%5ES%5BGk%40%3F%60%40Vh%40M%5CFHG%60%40%40j%40Dh%40N~%40%40j%40%5DrA&path=color%3A0xffee00ff%7Cenc%3Ay%7DgcF~_ehVc%40pBq%40lB&path=color%3A0x00ee55ff%7Cenc%3Ao%60hcF~fehVM%60%40QR%7D%40_%40&path=color%3A0xffee00ff%7Cenc%3AmchcFtgehV%5BY&path=color%3A0xff0000ff%7Cenc%3AidhcFzfehVc%40S&path=color%3A0xffee00ff%7Cenc%3AmehcFffehVe%40Uw%40%5BYS&path=color%3A0x00ee55ff%7Cenc%3AeihcF%60dehVk%40Q_%40%5BwAy%40&path=color%3A0xff55ccff%7Cenc%3AinhcFx%60ehVo%40Y&path=color%3A0x00ee55ff%7Cenc%3AyohcF~_ehVo%40a%40%7B%40%5D&path=color%3A0xffee00ff%7Cenc%3AeshcF~%7DdhVWO&path=color%3A0x00ee55ff%7Cenc%3A%7DshcFn%7DdhVaAk%40kBu%40&path=color%3A0xff55ccff%7Cenc%3AkyhcFlzdhV_%40G&path=color%3A0x00ee55ff%7Cenc%3AkzhcFdzdhVaBaA&path=color%3A0xff55ccff%7Cenc%3Am%7DhcFbxdhVqAq%40&path=color%3A0x00ee55ff%7Cenc%3A_%60icFpvdhVwAg%40wBmA&path=color%3A0xffee00ff%7Cenc%3AoficFzrdhVg%40Y&path=color%3A0x00ee55ff%7Cenc%3AwgicF%60rdhV%5BUu%40WyB_AyAa%40&path=color%3A0xffee00ff%7Cenc%3A%7DpicFpmdhVc%40Q&path=color%3A0xff0000ff%7Cenc%3AaricF~ldhVYO%5D%40y%40Zc%40A%7DAJ&path=color%3A0xffee00ff%7Cenc%3AuyicFvmdhVs%40D%5BF&path=color%3A0x00ee55ff%7Cenc%3Ae%7CicFdndhVqCL&path=color%3A0xff55ccff%7Cenc%3Aw%60jcFrndhViCH&path=color%3A0x00ee55ff%7Cenc%3AaejcF%7CndhV%5D%40%7BBPaAP_%40E&path=color%3A0xffee00ff%7Cenc%3A%7DljcF%7CodhV%5BE&path=color%3A0xff0000ff%7Cenc%3AymjcFvodhV%7D%40%5E%7B%40JoB%40&path=color%3A0xffee00ff%7Cenc%3AcujcFdqdhVm%40B&path=color%3A0x00ee55ff%7Cenc%3AqvjcFhqdhVc%40dAWbB&path=color%3A0xff55ccff%7Cenc%3AmxjcFrvdhVKfD
1156.9 406 3.7
2.84950738916256